1.6740249134286914E-01 a         1     0     1     1     1
-4.4289153874364340E-01 a         2     0     1     1     2
-1.7838103561867208E-01 a         3     0     1     1     3
1.2757596568336219E-01 a         4     0     1     1     4
1.4051327617690529E-01 a         5     0     1     1     5
1.5802711766007441E-01 a         6     0     1     1     6
-1.5907417778751512E-01 a         7     0     1     1     7
-1.6772309091583218E-01 a         8     0     1     1     8
-5.1079221843045874E-01 a         9     0     1     1     9
6.4253541693367498E-03 a        10     0     1     1    10
-2.6165725455680849E-01 a        11     0     1     1    11
2.3480269869783282E-01 a        12     0     1     1    12
2.0089340870511613E-01 a        13     0     1     1    13
-1.2646450239409041E-01 a        14     0     1     1    14
-1.5575696904525138E-01 a        15     0     1     1    15
-1.1834683596340553E-01 a        16     0     1     1    16
-1.9809842141212816E-01 a        17     0     1     1    17
1.6710747243649030E-01 a        18     0     1     1    18
7.6097173287452857E-02 a        19     0     1     1    19
-5.8946339141625351E-02 a        20     0     1     1    20
7.0363521018738245E-02 a        21     0     1     1    21
-7.6035375108351164E-02 a        22     0     1     1    22
-4.0270406154841759E-01 a        23     0     1     1    23
-4.3378366607461816E-01 a        24     0     1     1    24
-4.2416469067345763E-01 a        25     0     2     1     1
1.3216204976096507E-01 a        26     0     2     1     2
3.0384245063681475E-01 a        27     0     2     1     3
-3.8848986429913207E-01 a        28     0     2     1     4
1.5732111636724999E-01 a        29     0     2     1     5
1.0200148104037158E-02 a        30     0     2     1     6
4.5362443813274936E-02 a        31     0     2     1     7
1.3222580279410687E-01 a        32     0     2     1     8
1.0019206178480271E-01 a        33     0     2     1     9
-2.5351345682141546E-01 a        34     0     2     1    10
4.7228991113959512E-01 a        35     0     2     1    11
-5.3532681683619809E-01 a        36     0     2     1    12
-4.2758219637569861E-01 a        37     0     2     1    13
-4.6525498583015829E-01 a        38     0     2     1    14
1.4641363691038786E-01 a        39     0     2     1    15
6.1930860083423238E-02 a        40     0     2     1    16
-2.0537282389668621E-02 a        41     0     2     1    17
-3.5829239520145204E-02 a        42     0     2     1    18
-3.4611291490474078E-01 a        43     0     2     1    19
1.2619201302072233E-01 a        44     0     2     1    20
8.0081891540572450E-02 a        45     0     2     1    21
1.7502970736045995E-01 a        46     0     2     1    22
2.1247543871118424E-01 a        47     0     2     1    23
2.2069548641438216E-01 a        48     0     2     1    24
1.7862134741336283E-01 a        49     0     3     1     1
-3.3532197793591961E-01 a        50     0     3     1     2
2.6816176496076005E-01 a        51     0     3     1     3
-7.7054672247839229E-01 a        52     0     3     1     4
5.9221534193539344E-02 a        53     0     3     1     5
-3.4209347926271977E-02 a        54     0     3     1     6
4.3293857418230913E-02 a        55     0     3     1     7
3.0587266321986056E-01 a        56     0     3     1     8
2.3424025907144855E-01 a        57     0     3     1     9
-2.6497835295706362E-01 a        58     0     3     1    10
-1.8229152073316626E-01 a        59     0     3     1    11
1.5527139968428647E-01 a        60     0     3     1    12
-2.8889782251481794E-01 a        61     0     3     1    13
3.8422375918913637E-01 a        62     0     3     1    14
2.5668020609310299E-01 a        63     0     3     1    15
-1.8338377100794634E-01 a        64     0     3     1    16
-2.1750002611238353E-02 a        65     0     3     1    17
2.8379428346644064E-01 a        66     0     3     1    18
-4.9888081805027007E-01 a        67     0     3     1    19
3.3274529078241333E-01 a        68     0     3     1    20
-2.1101408217453314E-02 a        69     0     3     1    21
3.0887298532810331E-01 a        70     0     3     1    22
-1.4436452596171104E-01 a        71     0     3     1    23
-1.2164419609209927E-03 a        72     0     3     1    24
-2.5721226144729098E-01 a        73     0     4     1     1
-7.7118364849953325E-01 a        74     0     4     1     2
-2.0418192990301084E-01 a        75     0     4     1     3
4.4703244969549749E-01 a        76     0     4     1     4
3.5884624275832244E-01 a        77     0     4     1     5
-2.5868733873676686E-01 a        78     0     4     1     6
3.5710839342638329E-01 a        79     0     4     1     7
-4.5901091649606629E-01 a        80     0     4     1     8
1.0421454045194448E-01 a        81     0     4     1     9
-6.9540889285518090E-02 a        82     0     4     1    10
-8.5806336035809927E-01 a        83     0     4     1    11
-2.2144860197185867E-01 a        84     0     4     1    12
-4.0022486819091055E-02 a        85     0     4     1    13
4.2806299190714492E-01 a        86     0     4     1    14
2.9343778150386305E-02 a        87     0     4     1    15
2.3144681079645307E-01 a        88     0     4     1    16
3.3344679383430625E-01 a        89     0     4     1    17
-4.1008189742676671E-01 a        90     0     4     1    18
9.3069302585027991E-02 a        91     0     4     1    19
-4.7610096318330430E-01 a        92     0     4     1    20
2.1192525697180864E-01 a        93     0     4     1    21
1.1105030425829528E-01 a        94     0     4     1    22
-3.6488789479901151E-01 a        95     0     4     1    23
-4.8092633915186384E-01 a        96     0     4     1    24
2.1987831305328964E-01 a        97     0     5     1     1
6.3628315770541843E-01 a        98     0     5     1     2
-1.8344948357383861E-01 a        99     0     5     1     3
2.7291338465664833E-01 a       100     0     5     1     4
-1.1412948067932489E-01 a       101     0     5     1     5
-1.2903451886192435E-01 a       102     0     5     1     6
-2.5205100775416489E-01 a       103     0     5     1     7
-8.8201056744942760E-02 a       104     0     5     1     8
-9.4764274738029630E-03 a       105     0     5     1     9
9.8375779230936072E-02 a       106     0     5     1    10
4.7181283592475387E-01 a       107     0     5     1    11
-1.7575237904683094E-01 a       108     0     5     1    12
9.4151100584497355E-02 a       109     0     5     1    13
-2.8275686173884490E-01 a       110     0     5     1    14
-3.3587410788210037E-01 a       111     0     5     1    15
-1.5072805320719482E-01 a       112     0     5     1    16
-1.8383038493607812E-01 a       113     0     5     1    17
3.0268988792898449E-01 a       114     0     5     1    18
-2.7829628076266111E-01 a       115     0     5     1    19
-1.1692253506695605E-01 a       116     0     5     1    20
-8.3587973656672906E-02 a       117     0     5     1    21
-5.1619200325501202E-01 a       118     0     5     1    22
3.4682952291314911E-01 a       119     0     5     1    23
-2.2510659554058496E-02 a       120     0     5     1    24
-5.6885589144623237E-02 a       121     0     6     1     1
-8.2883358813902491E-02 a       122     0     6     1     2
-2.4917419161820817E-01 a       123     0     6     1     3
-2.2324948420649210E-01 a       124     0     6     1     4
-1.8505584239584744E-01 a       125     0     6     1     5
-2.3314102212974541E-01 a       126     0     6     1     6
2.0576268506116710E-01 a       127     0     6     1     7
-9.9350860010802303E-02 a       128     0     6     1     8
4.0261501786811191E-02 a       129     0     6     1     9
-5.1388061448476866E-02 a       130     0     6     1    10
3.2190099084917087E-02 a       131     0     6     1    11
-1.9039092536734903E-01 a       132     0     6     1    12
4.7402577003691181E-02 a       133     0     6     1    13
-1.4738869318624551E-01 a       134     0     6     1    14
9.6346299760501103E-02 a       135     0     6     1    15
5.3811005819912217E-02 a       136     0     6     1    16
-2.1475975957725721E-01 a       137     0     6     1    17
-1.3741467464775017E-01 a       138     0     6     1    18
9.5547637743673294E-02 a       139     0     6     1    19
2.8460349639074312E-01 a       140     0     6     1    20
-5.3807205761975570E-02 a       141     0     6     1    21
-1.0780298576979958E-01 a       142     0     6     1    22
9.0986118264310828E-02 a       143     0     6     1    23
-5.3594022229312788E-01 a       144     0     6     1    24
1.1262150147951626E-01 a       145     0     7     1     1
-7.7078831460576022E-02 a       146     0     7     1     2
2.1033820048179225E-01 a       147     0     7     1     3
-1.2299549115963385E-01 a       148     0     7     1     4
-2.8999628732557969E-01 a       149     0     7     1     5
8.8172604934078896E-03 a       150     0     7     1     6
-4.5892375140950854E-02 a       151     0     7     1     7
-2.5740157754978826E-01 a       152     0     7     1     8
1.2805948056466301E-01 a       153     0     7     1     9
5.9903409850559204E-02 a       154     0     7     1    10
5.6513018499721411E-04 a       155     0     7     1    11
1.1713146121245112E-01 a       156     0     7     1    12
-1.7942831220544700E-01 a       157     0     7     1    13
2.0791097945296627E-01 a       158     0     7     1    14
-2.3780463152498502E-01 a       159     0     7     1    15
2.0628482695125577E-01 a       160     0     7     1    16
-1.8571556991155300E-01 a       161     0     7     1    17
-1.4276953642412551E-01 a       162     0     7     1    18
1.1521581303241940E-01 a       163     0     7     1    19
-2.8652075399173244E-01 a       164     0     7     1    20
-1.2808625044503408E-01 a       165     0     7     1    21
6.6258680805205639E-02 a       166     0     7     1    22
4.7574392341944521E-01 a       167     0     7     1    23
-5.7359546482725086E-02 a       168     0     7     1    24
-9.5976048036716846E-02 a       169     0     8     1     1
1.2516293410718832E-02 a       170     0     8     1     2
5.1603784176446406E-02 a       171     0     8     1     3
-2.5809239856928406E-01 a       172     0     8     1     4
8.7030303249528707E-02 a       173     0     8     1     5
-8.9566221599447118E-02 a       174     0     8     1     6
1.4101790192761310E-01 a       175     0     8     1     7
2.6418345205735595E-02 a       176     0     8     1     8
2.1123580495719704E-01 a       177     0     8     1     9
2.0323731301475312E-01 a       178     0     8     1    10
-1.0135705810661377E-01 a       179     0     8     1    11
2.1102424087373861E-01 a       180     0     8     1    12
1.0382868577512502E-01 a       181     0     8     1    13
3.3961490807353625E-02 a       182     0     8     1    14
2.9990571165723379E-01 a       183     0     8     1    15
3.4658650749777316E-02 a       184     0     8     1    16
1.4990905631381668E-01 a       185     0     8     1    17
1.3904235331084067E-01 a       186     0     8     1    18
4.0756307283750300E-02 a       187     0     8     1    19
-3.8781504567715869E-01 a       188     0     8     1    20
-1.6029256966244415E-01 a       189     0     8     1    21
1.2110999245386797E-01 a       190     0     8     1    22
3.1449690068885794E-01 a       191     0     8     1    23
-1.0619419496095646E-01 a       192     0     8     1    24
1.1566391434844653E-01 a       193     0     9     1     1
-1.3234011266845122E-01 a       194     0     9     1     2
1.4963988062824446E-02 a       195     0     9     1     3
3.1179099898565565E-01 a       196     0     9     1     4
3.7351620495597912E-02 a       197     0     9     1     5
-1.4408532073117095E-01 a       198     0     9     1     6
-2.9764466722864969E-02 a       199     0     9     1     7
-1.1707671608367431E-01 a       200     0     9     1     8
1.3736621926207232E-01 a       201     0     9     1     9
2.4169276593996969E-01 a       202     0     9     1    10
1.8283530372918283E-01 a       203     0     9     1    11
7.9919155534641087E-02 a       204     0     9     1    12
-1.7573313026534604E-01 a       205     0     9     1    13
3.6354321992714246E-02 a       206     0     9     1    14
-1.0192479759419321E-01 a       207     0     9     1    15
2.2673645444876997E-01 a       208     0     9     1    16
-2.2212341135375230E-01 a       209     0     9     1    17
2.1817172951931976E-01 a       210     0     9     1    18
2.2293173157548249E-01 a       211     0     9     1    19
1.2185328366439838E-01 a       212     0     9     1    20
6.5234535956622611E-02 a       213     0     9     1    21
-1.8317652274552922E-02 a       214     0     9     1    22
-2.4101767268688346E-01 a       215     0     9     1    23
-5.7508027405569366E-02 a       216     0     9     1    24
4.1077268338028183E-01 a       217     0    10     1     1
-1.4149353367240056E-01 a       218     0    10     1     2
-2.2659017075110968E-01 a       219     0    10     1     3
-4.2022213521217139E-01 a       220     0    10     1     4
-1.4762756689515019E-01 a       221     0    10     1     5
2.4337952331451997E-02 a       222     0    10     1     6
-2.1952474084753021E-01 a       223     0    10     1     7
3.2566998578856948E-01 a       224     0    10     1     8
-8.9579054549346365E-02 a       225     0    10     1     9
-7.3262231880661652E-02 a       226     0    10     1    10
1.1610889324760339E-01 a       227     0    10     1    11
5.2313066887592052E-01 a       228     0    10     1    12
-9.9701556304542777E-02 a       229     0    10     1    13
1.1235369370429300E-01 a       230     0    10     1    14
-1.9901169947262590E-01 a       231     0    10     1    15
3.2230029037954039E-01 a       232     0    10     1    16
-5.3529215319901412E-03 a       233     0    10     1    17
-1.1853958808904722E-01 a       234     0    10     1    18
-1.7745712260668864E-01 a       235     0    10     1    19
-1.8301410619112293E-02 a       236     0    10     1    20
2.7561338596459029E-01 a       237     0    10     1    21
-1.1168087678951021E-01 a       238     0    10     1    22
3.8013375693960694E-01 a       239     0    10     1    23
4.0416014265964317E-01 a       240     0    10     1    24
-4.4567766247089041E-01 a       241     0    11     1     1
1.1813128750004492E-01 a       242     0    11     1     2
-2.9010853112512125E-01 a       243     0    11     1     3
5.0399088600625663E-01 a       244     0    11     1     4
-3.9129797962885210E-02 a       245     0    11     1     5
-1.4743662915030775E-01 a       246     0    11     1     6
-2.2348136036279229E-01 a       247     0    11     1     7
2.0388996564580028E-01 a       248     0    11     1     8
2.3893118504012803E-01 a       249     0    11     1     9
-5.4792375798864361E-02 a       250     0    11     1    10
2.4265986627011438E-01 a       251     0    11     1    11
-3.1450261147890091E-01 a       252     0    11     1    12
-9.5674745440425410E-02 a       253     0    11     1    13
-2.0105357662347362E-01 a       254     0    11     1    14
3.7397256297159766E-02 a       255     0    11     1    15
-8.1115310012354142E-02 a       256     0    11     1    16
-1.9489801441093531E-02 a       257     0    11     1    17
1.8240987475779880E-01 a       258     0    11     1    18
9.5045165723786310E-02 a       259     0    11     1    19
-4.0584643941221132E-02 a       260     0    11     1    20
-7.9696642068473721E-03 a       261     0    11     1    21
-3.2789359929740469E-01 a       262     0    11     1    22
-9.7275568765613746E-02 a       263     0    11     1    23
1.0225016896825430E-01 a       264     0    11     1    24
6.2257212035814147E-01 a       265     0    12     1     1
1.2996932057294605E-01 a       266     0    12     1     2
-2.2695131556509129E-01 a       267     0    12     1     3
-1.9498233356077380E-01 a       268     0    12     1     4
-1.9670968641423259E-01 a       269     0    12     1     5
4.5261106461882789E-01 a       270     0    12     1     6
-2.7808998599407431E-01 a       271     0    12     1     7
1.6868236885301291E-01 a       272     0    12     1     8
-6.5213351950616061E-01 a       273     0    12     1     9
8.0826964570770835E-02 a       274     0    12     1    10
-9.1935382701146470E-02 a       275     0    12     1    11
7.3112683193087641E-02 a       276     0    12     1    12
-2.0366084573561805E-01 a       277     0    12     1    13
3.0237199539333531E-01 a       278     0    12     1    14
1.6319705107817556E-01 a       279     0    12     1    15
-2.9686858590087079E-01 a       280     0    12     1    16
-1.0226819356930179E-01 a       281     0    12     1    17
3.9740287767548049E-01 a       282     0    12     1    18
4.6703369070961870E-02 a       283     0    12     1    19
2.0082751913838812E-01 a       284     0    12     1    20
3.5791659213725330E-01 a       285     0    12     1    21
-8.7486646604885462E-02 a       286     0    12     1    22
-1.3203963929553725E-01 a       287     0    12     1    23
-1.5765064478653840E-01 a       288     0    12     1    24
-6.2717860036216252E-02 a       289     0    13     1     1
2.6762900670352147E-01 a       290     0    13     1     2
-2.3501564898942795E-01 a       291     0    13     1     3
6.3522825613399336E-01 a       292     0    13     1     4
3.1759097198620206E-01 a       293     0    13     1     5
7.4748396545671336E-02 a       294     0    13     1     6
1.0051268177448940E-01 a       295     0    13     1     7
-8.7744579159398844E-02 a       296     0    13     1     8
1.1742254571943705E-01 a       297     0    13     1     9
1.2371917594309276E-01 a       298     0    13     1    10
1.5759618514019091E-01 a       299     0    13     1    11
-1.7014110526191409E-01 a       300     0    13     1    12
-6.8432810523105219E-03 a       301     0    13     1    13
-8.4277242641104158E-02 a       302     0    13     1    14
-3.7442880709070142E-01 a       303     0    13     1    15
2.9290301356414972E-01 a       304     0    13     1    16
-2.0337740928622696E-02 a       305     0    13     1    17
8.5687088549109197E-02 a       306     0    13     1    18
1.4212543314107612E-01 a       307     0    13     1    19
-2.7042349402211047E-01 a       308     0    13     1    20
-1.7234813820626793E-01 a       309     0    13     1    21
3.4797202899624724E-01 a       310     0    13     1    22
1.2195625038512295E-01 a       311     0    13     1    23
1.3820385218745037E-02 a       312     0    13     1    24
-5.4107508976542880E-02 a       313     0    14     1     1
1.0769791113246546E-01 a       314     0    14     1     2
3.3686513805052121E-01 a       315     0    14     1     3
-2.3240938627308982E-01 a       316     0    14     1     4
-1.5685456631849717E-01 a       317     0    14     1     5
-1.4487671277664849E-01 a       318     0    14     1     6
1.6781725986858584E-01 a       319     0    14     1     7
3.0389498084830491E-01 a       320     0    14     1     8
-1.5840432862064988E-01 a       321     0    14     1     9
-3.0978236071607290E-01 a       322     0    14     1    10
2.2332888608846577E-01 a       323     0    14     1    11
-1.0637816522682376E-02 a       324     0    14     1    12
-3.7381938088850397E-01 a       325     0    14     1    13
-1.9594792372665734E-01 a       326     0    14     1    14
1.3495344872852652E-01 a       327     0    14     1    15
-2.9746947747430652E-01 a       328     0    14     1    16
-1.5584721182885222E-01 a       329     0    14     1    17
8.4023176431641450E-02 a       330     0    14     1    18
-2.0730697897634223E-01 a       331     0    14     1    19
-6.7109867406126298E-03 a       332     0    14     1    20
1.5497568378378268E-01 a       333     0    14     1    21
2.6209080991049782E-01 a       334     0    14     1    22
2.0183389949185382E-01 a       335     0    14     1    23
-1.5729855701401779E-01 a       336     0    14     1    24
1.0694305729428362E-01 a       337     0    15     1     1
-7.5460044874248525E-02 a       338     0    15     1     2
-5.4651800070667556E-02 a       339     0    15     1     3
-1.5602176019206887E-01 a       340     0    15     1     4
-1.7764412981961727E-01 a       341     0    15     1     5
1.3468250543798435E-01 a       342     0    15     1     6
-5.9902143984376217E-02 a       343     0    15     1     7
2.7389308061011652E-01 a       344     0    15     1     8
-4.7824045715248162E-02 a       345     0    15     1     9
4.3948228844341429E-02 a       346     0    15     1    10
2.5709308557062877E-01 a       347     0    15     1    11
-3.3904934519281860E-01 a       348     0    15     1    12
1.9858812265700862E-01 a       349     0    15     1    13
-5.5658331728636679E-01 a       350     0    15     1    14
4.2352085785378857E-02 a       351     0    15     1    15
2.0663242100113835E-01 a       352     0    15     1    16
-3.3067115021881720E-02 a       353     0    15     1    17
-1.1965694761449240E-01 a       354     0    15     1    18
1.1005348429096282E-01 a       355     0    15     1    19
-2.0342298231777264E-01 a       356     0    15     1    20
1.3063146035044063E-01 a       357     0    15     1    21
-2.2153323289183546E-01 a       358     0    15     1    22
-1.9321945636223944E-01 a       359     0    15     1    23
-1.5987572596687677E-01 a       360     0    15     1    24
-1.7044696573002852E-01 a       361     0    16     1     1
-1.1776141023899230E-01 a       362     0    16     1     2
-3.5483293135899407E-01 a       363     0    16     1     3
-2.0296808039686429E-01 a       364     0    16     1     4
-1.0078726576668767E-01 a       365     0    16     1     5
-3.6985464045604316E-01 a       366     0    16     1     6
1.5812691951660844E-02 a       367     0    16     1     7
-5.3219365449375285E-04 a       368     0    16     1     8
1.6426893831411582E-01 a       369     0    16     1     9
-3.1727694022276476E-01 a       370     0    16     1    10
-1.6202619887718323E-01 a       371     0    16     1    11
2.4466480534829391E-01 a       372     0    16     1    12
-3.9370345329978185E-02 a       373     0    16     1    13
5.3242244937708327E-01 a       374     0    16     1    14
6.4785437284668138E-02 a       375     0    16     1    15
1.5095103930644779E-01 a       376     0    16     1    16
-1.4458935992028329E-01 a       377     0    16     1    17
-2.2936644614678769E-02 a       378     0    16     1    18
-2.0667655500112223E-01 a       379     0    16     1    19
-5.8898447382017749E-03 a       380     0    16     1    20
-2.9046312567966842E-01 a       381     0    16     1    21
8.8404417916274555E-02 a       382     0    16     1    22
5.8402156707606956E-02 a       383     0    16     1    23
-2.8985075840089491E-01 a       384     0    16     1    24
-3.4927438559050528E-01 a       385     0    17     1     1
2.8981723145420507E-01 a       386     0    17     1     2
-1.8351747352708106E-01 a       387     0    17     1     3
-5.8707173135261866E-02 a       388     0    17     1     4
-5.1804968815989907E-02 a       389     0    17     1     5
4.7337547342788736E-02 a       390     0    17     1     6
1.9677386843618294E-01 a       391     0    17     1     7
3.4895272467860700E-02 a       392     0    17     1     8
-2.3506721010932793E-01 a       393     0    17     1     9
-2.8877283033835747E-02 a       394     0    17     1    10
2.8896245511046199E-02 a       395     0    17     1    11
2.3230469096193507E-01 a       396     0    17     1    12
-3.1762328878761276E-01 a       397     0    17     1    13
1.1463303853711530E-01 a       398     0    17     1    14
-1.3521888337112312E-01 a       399     0    17     1    15
2.7240093933789905E-01 a       400     0    17     1    16
1.6426291874831639E-01 a       401     0    17     1    17
-9.9485053205460472E-02 a       402     0    17     1    18
-1.7326704861187585E-03 a       403     0    17     1    19
1.6014603690562143E-01 a       404     0    17     1    20
8.6904941931555305E-02 a       405     0    17     1    21
-1.9133927017097705E-03 a       406     0    17     1    22
7.4126716107638269E-02 a       407     0    17     1    23
2.3201250455974257E-01 a       408     0    17     1    24
1.3640867663841086E-01 a       409     0    18     1     1
2.3573131833546407E-01 a       410     0    18     1     2
-7.0520850179136077E-02 a       411     0    18     1     3
3.7383572704925050E-01 a       412     0    18     1     4
3.3848380838356534E-02 a       413     0    18     1     5
3.0539589648009224E-01 a       414     0    18     1     6
3.7968098153303687E-01 a       415     0    18     1     7
-1.7062010407752903E-01 a       416     0    18     1     8
-1.7807833574104742E-01 a       417     0    18     1     9
3.7097582065911516E-02 a       418     0    18     1    10
3.4686842382294164E-02 a       419     0    18     1    11
-9.7581891522120948E-02 a       420     0    18     1    12
-2.1953507928400146E-01 a       421     0    18     1    13
-3.3297843655782294E-01 a       422     0    18     1    14
-2.6817488782439519E-01 a       423     0    18     1    15
-4.3013821753510539E-02 a       424     0    18     1    16
-1.4429161447044511E-01 a       425     0    18     1    17
-4.0159404273975763E-01 a       426     0    18     1    18
2.8755822321588859E-01 a       427     0    18     1    19
2.8628590202768456E-01 a       428     0    18     1    20
-2.0371801236729048E-01 a       429     0    18     1    21
-2.9521207454911702E-01 a       430     0    18     1    22
-9.5969173491033871E-02 a       431     0    18     1    23
-6.3628996026397378E-02 a       432     0    18     1    24
3.0982643708240894E-02 a       433     0    19     1     1
2.4666314499070530E-01 a       434     0    19     1     2
3.1178900615358791E-02 a       435     0    19     1     3
-1.1165045276186931E-01 a       436     0    19     1     4
-2.7528637370569053E-01 a       437     0    19     1     5
-2.0630667190311577E-01 a       438     0    19     1     6
-2.0013672032920281E-02 a       439     0    19     1     7
-4.6773701707289600E-01 a       440     0    19     1     8
1.8743442768256145E-02 a       441     0    19     1     9
-2.2538768307626278E-01 a       442     0    19     1    10
-6.8828206462254321E-02 a       443     0    19     1    11
-1.0437015062459759E-01 a       444     0    19     1    12
-9.0744047769199795E-02 a       445     0    19     1    13
-8.4877626173383111E-02 a       446     0    19     1    14
1.2029110719876072E-01 a       447     0    19     1    15
2.0320377020782699E-02 a       448     0    19     1    16
3.0468361047335296E-01 a       449     0    19     1    17
-4.8141086200583737E-03 a       450     0    19     1    18
1.4060420993507669E-01 a       451     0    19     1    19
1.1894236146854906E-02 a       452     0    19     1    20
4.8427199370572649E-01 a       453     0    19     1    21
1.6284106729913983E-01 a       454     0    19     1    22
1.5573481340110898E-01 a       455     0    19     1    23
-2.0974892500140865E-01 a       456     0    19     1    24
-3.2288394445095597E-02 a       457     0    20     1     1
-2.5573913990894842E-01 a       458     0    20     1     2
-2.1170891731510785E-03 a       459     0    20     1     3
-2.3266193533539592E-02 a       460     0    20     1     4
8.0528178671651629E-04 a       461     0    20     1     5
-2.0527814639049802E-01 a       462     0    20     1     6
-1.0764757788201586E-01 a       463     0    20     1     7
2.4130643709201929E-01 a       464     0    20     1     8
3.0830928628087878E-01 a       465     0    20     1     9
9.5191862446231151E-02 a       466     0    20     1    10
-9.3286959893315521E-02 a       467     0    20     1    11
-8.4507305571120975E-02 a       468     0    20     1    12
2.1436588385720481E-01 a       469     0    20     1    13
2.7443335086043147E-01 a       470     0    20     1    14
-1.6741653715128485E-01 a       471     0    20     1    15
4.1760497287723491E-02 a       472     0    20     1    16
-2.1480972457252531E-01 a       473     0    20     1    17
5.5990742531963865E-03 a       474     0    20     1    18
1.1358587894086836E-01 a       475     0    20     1    19
1.7771238873618106E-01 a       476     0    20     1    20
-1.3632302087463929E-01 a       477     0    20     1    21
3.6266314929201426E-01 a       478     0    20     1    22
-2.5441903064981597E-01 a       479     0    20     1    23
-2.8404395320722309E-01 a       480     0    20     1    24
2.5178752760345746E-01 a       481     0    21     1     1
-2.2862683301493963E-01 a       482     0    21     1     2
-1.5782306090648537E-01 a       483     0    21     1     3
-2.4178996387977822E-01 a       484     0    21     1     4
2.1092757563950415E-01 a       485     0    21     1     5
2.5141985029090419E-01 a       486     0    21     1     6
-1.4887802448679083E-01 a       487     0    21     1     7
1.8070314959302969E-01 a       488     0    21     1     8
1.8996572685240670E-01 a       489     0    21     1     9
2.1591707383618444E-01 a       490     0    21     1    10
4.0173084222553063E-01 a       491     0    21     1    11
1.0289627174931074E-01 a       492     0    21     1    12
-1.1258922014491099E-01 a       493     0    21     1    13
4.8934129740998977E-01 a       494     0    21     1    14
-1.1929709111541963E-01 a       495     0    21     1    15
-1.4108287920568285E-01 a       496     0    21     1    16
-3.3196244190958006E-02 a       497     0    21     1    17
-1.4982309707406471E-01 a       498     0    21     1    18
1.2215769173027159E-01 a       499     0    21     1    19
-2.1671002275781795E-01 a       500     0    21     1    20
2.6203526759678558E-01 a       501     0    21     1    21
2.7937229721689921E-01 a       502     0    21     1    22
7.6816418714646062E-02 a       503     0    21     1    23
-2.4976602407054793E-01 a       504     0    21     1    24
-1.2664333434830977E-01 a       505     0    22     1     1
2.5008702439013886E-01 a       506     0    22     1     2
3.0003476495747122E-01 a       507     0    22     1     3
2.7638033573320470E-01 a       508     0    22     1     4
-1.3469308805028907E-01 a       509     0    22     1     5
-1.9455154266785538E-01 a       510     0    22     1     6
4.5269092870361377E-02 a       511     0    22     1     7
2.6971611262253720E-01 a       512     0    22     1     8
2.0288484434038787E-01 a       513     0    22     1     9
-2.1586107723465892E-01 a       514     0    22     1    10
1.4681435190823558E-01 a       515     0    22     1    11
-2.7037995233589601E-01 a       516     0    22     1    12
-1.6451920521045793E-01 a       517     0    22     1    13
2.1064188972832343E-01 a       518     0    22     1    14
-1.4518657130446344E-01 a       519     0    22     1    15
1.2265612944479644E-01 a       520     0    22     1    16
6.1934734654840881E-02 a       521     0    22     1    17
-2.0537994885262875E-01 a       522     0    22     1    18
2.0784399477304896E-01 a       523     0    22     1    19
-9.8170163898864599E-02 a       524     0    22     1    20
-3.3234790848071483E-01 a       525     0    22     1    21
1.8133305977760514E-01 a       526     0    22     1    22
1.2637239887098611E-01 a       527     0    22     1    23
2.8532467032295611E-01 a       528     0    22     1    24
-1.5461365523341641E-01 a       529     0    23     1     1
-1.4652284019733006E-01 a       530     0    23     1     2
1.2896038654031505E-01 a       531     0    23     1     3
-8.1485203070959453E-02 a       532     0    23     1     4
-3.8548356355421032E-01 a       533     0    23     1     5
2.3280682349008866E-01 a       534     0    23     1     6
-3.1730390603576142E-01 a       535     0    23     1     7
-1.1226778501880466E-01 a       536     0    23     1     8
-1.2607645998821579E-01 a       537     0    23     1     9
-1.0534572090649838E-01 a       538     0    23     1    10
-1.7817401226603610E-01 a       539     0    23     1    11
-8.2879308945801852E-02 a       540     0    23     1    12
1.8176225699934170E-01 a       541     0    23     1    13
2.1576471645268466E-01 a       542     0    23     1    14
-6.5295276571947614E-02 a       543     0    23     1    15
-3.1075212573077354E-02 a       544     0    23     1    16
-1.2626850441596654E-01 a       545     0    23     1    17
1.4670275604777894E-01 a       546     0    23     1    18
2.8792413233046149E-01 a       547     0    23     1    19
8.4390622001226878E-02 a       548     0    23     1    20
1.0370267988367650E-01 a       549     0    23     1    21
-2.2087424593204891E-01 a       550     0    23     1    22
-3.5183782883015785E-01 a       551     0    23     1    23
6.0987956501465768E-02 a       552     0    23     1    24
1.4222720878343567E-01 a       553     0    24     1     1
-2.8716689856081973E-01 a       554     0    24     1     2
-1.1466010718387983E-01 a       555     0    24     1     3
-6.8907881640960872E-02 a       556     0    24     1     4
-1.5625746932720422E-01 a       557     0    24     1     5
1.5786902409122874E-01 a       558     0    24     1     6
2.6111376372637718E-01 a       559     0    24     1     7
7.1168533485024086E-03 a       560     0    24     1     8
2.0108509827568920E-02 a       561     0    24     1     9
-1.2085211636867463E-01 a       562     0    24     1    10
2.5819865040728174E-01 a       563     0    24     1    11
6.7770236852473797E-02 a       564     0    24     1    12
-2.4116728989008748E-01 a       565     0    24     1    13
-2.2225327470320727E-01 a       566     0    24     1    14
6.4180465197586994E-02 a       567     0    24     1    15
1.1921763096846419E-01 a       568     0    24     1    16
6.9075986506409545E-02 a       569     0    24     1    17
-5.4119795495200844E-02 a       570     0    24     1    18
-1.6069971882005540E-01 a       571     0    24     1    19
-5.5949333832729028E-02 a       572     0    24     1    20
3.3445219123897663E-01 a       573     0    24     1    21
-1.0672893287754243E-01 a       574     0    24     1    22
2.0706805554327831E-01 a       575     0    24     1    23
-3.3887689231829182E-01 a       576     0    24     1    24
-1.7494704353184573E-01 a       577     0    25     1     1
-3.7666168726374061E-01 a       578     0    25     1     2
2.3687998640960600E-01 a       579     0    25     1     3
3.1261737599748773E-01 a       580     0    25     1     4
-3.5579325618998253E-01 a       581     0    25     1     5
3.3932706426341169E-01 a       582     0    25     1     6
-3.5171531367151088E-01 a       583     0    25     1     7
2.4149849958732714E-01 a       584     0    25     1     8
2.8862425063544861E-01 a       585     0    25     1     9
2.2067303013673195E-01 a       586     0    25     1    10
-2.6507190348700083E-01 a       587     0    25     1    11
4.5406394847969059E-02 a       588     0    25     1    12
1.9573741651956478E-01 a       589     0    25     1    13
-3.3533012941777190E-01 a       590     0    25     1    14
2.6771054196325128E-01 a       591     0    25     1    15
3.1083124288780142E-02 a       592     0    25     1    16
-1.3361565335764133E-01 a       593     0    25     1    17
-1.8586851043848931E-01 a       594     0    25     1    18
-9.8454504578507615E-02 a       595     0    25     1    19
1.5536294818184110E-01 a       596     0    25     1    20
6.4454318143728401E-02 a       597     0    25     1    21
1.9927585123681529E-01 a       598     0    25     1    22
-1.8933931354778133E-01 a       599     0    25     1    23
8.2447005320777075E-02 a       600     0    25     1    24
-2.3334234536387530E-01 a       601     0    26     1     1
1.2710427747569930E-01 a       602     0    26     1     2
1.1184865648636137E-02 a       603     0    26     1     3
4.4980307283975030E-01 a       604     0    26     1     4
-3.7650499778288542E-02 a       605     0    26     1     5
1.7178907473051322E-01 a       606     0    26     1     6
1.6347047447917978E-01 a       607     0    26     1     7
3.7290690998856700E-02 a       608     0    26     1     8
2.5281002338507767E-02 a       609     0    26     1     9
-8.9140880768215039E-02 a       610     0    26     1    10
-7.3317828715496525E-02 a       611     0    26     1    11
-1.8758665352811238E-01 a       612     0    26     1    12
7.7409499811585420E-03 a       613     0    26     1    13
1.1960181731218079E-01 a       614     0    26     1    14
-8.9527514890588494E-02 a       615     0    26     1    15
-9.3581971201733991E-02 a       616     0    26     1    16
1.6275131625027353E-01 a       617     0    26     1    17
9.7676714742973222E-03 a       618     0    26     1    18
2.4113045163879807E-01 a       619     0    26     1    19
1.4072272130516095E-01 a       620     0    26     1    20
3.3354699078157291E-01 a       621     0    26     1    21
1.3710733332162148E-02 a       622     0    26     1    22
-1.1693860482017816E-01 a       623     0    26     1    23
-2.8774499354964511E-01 a       624     0    26     1    24
-1.9545755764378500E-01 a       625     0    27     1     1
-1.9506640881954820E-01 a       626     0    27     1     2
4.2513970404655967E-02 a       627     0    27     1     3
-4.3399351802096552E-02 a       628     0    27     1     4
1.9776525048994012E-01 a       629     0    27     1     5
1.7179493523610151E-01 a       630     0    27     1     6
5.2382596423229115E-02 a       631     0    27     1     7
2.3360519925840945E-01 a       632     0    27     1     8
-2.1418484319902545E-01 a       633     0    27     1     9
-2.7618641806438186E-02 a       634     0    27     1    10
-7.4842744035906614E-02 a       635     0    27     1    11
2.0049852752184769E-01 a       636     0    27     1    12
-3.2174706338701412E-02 a       637     0    27     1    13
-3.0292957948644457E-02 a       638     0    27     1    14
-9.9063983223908664E-02 a       639     0    27     1    15
3.8768873186292734E-03 a       640     0    27     1    16
1.7991637035648739E-01 a       641     0    27     1    17
1.3300488576653993E-01 a       642     0    27     1    18
5.5985294220125346E-02 a       643     0    27     1    19
2.9095576085097030E-01 a       644     0    27     1    20
-1.5537428794789138E-01 a       645     0    27     1    21
3.1329018692293997E-01 a       646     0    27     1    22
-1.0168135571029174E-01 a       647     0    27     1    23
-2.7790289628239523E-01 a       648     0    27     1    24
-1.5265074873183395E-02 b       649     1     1
1.2889026066989465E-01 b       650     1     2
-8.0766893661799899E-02 b       651     1     3
-1.6650521876923799E-01 b       652     1     4
2.0600192092625952E-01 b       653     1     5
2.4684164750654963E-01 b       654     1     6
-1.2558000232099689E-01 b       655     1     7
1.8242539451096107E-01 b       656     1     8
8.6510489358672935E-02 b       657     1     9
-2.1723149706540754E-01 b       658     1    10
1.4023712353250609E-01 b       659     1    11
-4.5524826477113971E-02 b       660     1    12
1.2465544850644751E-02 b       661     1    13
-1.4250275970220799E-01 b       662     1    14
-8.3738501853479669E-02 b       663     1    15
-9.5847504428771477E-03 b       664     1    16
-2.1686722681769019E-01 b       665     1    17
4.2384760762616089E-02 b       666     1    18
-7.9591023733440944E-02 b       667     1    19
1.9352785539814837E-01 b       668     1    20
3.0630291656262330E-02 b       669     1    21
-4.2373296908828614E-02 b       670     1    22
6.1943736983987203E-02 b       671     1    23
1.2004740583891348E-01 b       672     1    24
3.4269080197571689E-01 a       673     1     1     2     1
-1.3497931492148441E-01 a       674     1     1     2     2
2.9920775184793219E-01 a       675     1     1     2     3
1.5486847916493715E-01 a       676     1     1     2     4
-2.7236937374353440E-02 a       677     1     1     2     5
3.1427113905523152E-01 a       678     1     1     2     6
2.5336956747982192E-01 a       679     1     1     2     7
-2.6173625490258035E-01 a       680     1     1     2     8
1.8246820469832509E-01 a       681     1     1     2     9
-1.2533072550589858E-01 a       682     1     1     2    10
-3.4947265719062365E-01 a       683     1     1     2    11
-3.4298639511624918E-01 a       684     1     1     2    12
3.3227523688690552E-01 a       685     1     1     2    13
2.3304156434849999E-01 a       686     1     1     2    14
1.5103394057460076E-01 a       687     1     1     2    15
-3.9396114017107620E-01 a       688     1     1     2    16
-9.0876653184166295E-02 a       689     1     1     2    17
2.6008046584939014E-02 a       690     1     1     2    18
1.4999802682354324E-01 a       691     1     1     2    19
2.4419370612147878E-01 a       692     1     1     2    20
-3.4599569594423729E-02 a       693     1     1     2    21
1.7215122159815568E-01 a       694     1     1     2    22
-1.2191860113397553E-01 a       695     1     1     2    23
1.3543196296252777E-01 a       696     1     1     2    24
2.3688490029408044E-01 a       697     1     2     2     1
-2.8659023741538187E-01 a       698     1     2     2     2
1.1141291426350351E-01 a       699     1     2     2     3
4.3246484822173614E-01 a       700     1     2     2     4
-5.9003568140843143E-01 a       701     1     2     2     5
2.7266991512288008E-01 a       702     1     2     2     6
1.7382391669161033E-02 a       703     1     2     2     7
4.5487433554548928E-01 a       704     1     2     2     8
-2.0992208997962614E-01 a       705     1     2     2     9
4.6176989483796615E-01 a       706     1     2     2    10
-6.8782107797074429E-02 a       707     1     2     2    11
9.5712311948406903E-02 a       708     1     2     2    12
2.7155203599137121E-02 a       709     1     2     2    13
3.8135892934102195E-01 a       710     1     2     2    14
1.3190157907440328E-01 a       711     1     2     2    15
2.3452942549490741E-01 a       712     1     2     2    16
-3.3629011840656148E-01 a       713     1     2     2    17
2.4397520392877073E-01 a       714     1     2     2    18
4.8537723756014388E-02 a       715     1     2     2    19
1.3097807957690535E-01 a       716     1     2     2    20
1.7897576600904549E-01 a       717     1     2     2    21
-1.0248929140764665E-01 a       718     1     2     2    22
3.0148497331523062E-02 a       719     1     2     2    23
-1.5106366391908371E-01 a       720     1     2     2    24
-1.2710362912865508E-01 a       721     1     3     2     1
4.0222672989783971E-03 a       722     1     3     2     2
-1.1184304041617401E-02 a       723     1     3     2     3
-3.5641643859340250E-01 a       724     1     3     2     4
-1.9413192150683639E-01 a       725     1     3     2     5
-2.3766946212824283E-01 a       726     1     3     2     6
-2.6763369519656871E-01 a       727     1     3     2     7
-2.5306741907410440E-01 a       728     1     3     2     8
2.0287897642021865E-01 a       729     1     3     2     9
-1.4865387237247993E-01 a       730     1     3     2    10
-4.2550379408203270E-01 a       731     1     3     2    11
2.8146083725846277E-01 a       732     1     3     2    12
-1.0878112053499440E-01 a       733     1     3     2    13
-3.8454834826913625E-01 a       734     1     3     2    14
-1.5768193615000278E-01 a       735     1     3     2    15
2.4809668350731953E-01 a       736     1     3     2    16
-2.8928347447360120E-01 a       737     1     3     2    17
-1.0846993390619909E-01 a       738     1     3     2    18
-1.5483333369639082E-01 a       739     1     3     2    19
1.4547145072556686E-01 a       740     1     3     2    20
-2.4794862481117738E-01 a       741     1     3     2    21
2.5070414273312958E-01 a       742     1     3     2    22
4.8767027057517939E-02 a       743     1     3     2    23
-3.2716198709111571E-01 a       744     1     3     2    24
-1.4438311056543529E-01 a       745     1     4     2     1
3.7896216444933889E-01 a       746     1     4     2     2
1.9483994886776390E-01 a       747     1     4     2     3
-1.5946070205595328E-01 a       748     1     4     2     4
4.7428686450717954E-02 a       749     1     4     2     5
2.4699571684237219E-02 a       750     1     4     2     6
2.8475944685877402E-01 a       751     1     4     2     7
-1.7077164057170374E-01 a       752     1     4     2     8
-1.8574853115987985E-01 a       753     1     4     2     9
4.6100553248082882E-01 a       754     1     4     2    10
-1.4846301887114877E-01 a       755     1     4     2    11
-4.5926228135343333E-01 a       756     1     4     2    12
-2.5167152926018899E-01 a       757     1     4     2    13
6.7459841302957499E-02 a       758     1     4     2    14
-1.6678461782048482E-01 a       759     1     4     2    15
2.4651188115178041E-01 a       760     1     4     2    16
-1.7687158891804663E-01 a       761     1     4     2    17
-2.5327041118089910E-01 a       762     1     4     2    18
-2.5264855063136715E-01 a       763     1     4     2    19
-1.4287899448121583E-01 a       764     1     4     2    20
2.5783345146813164E-01 a       765     1     4     2    21
-3.5963967365964417E-01 a       766     1     4     2    22
-3.2972680935222393E-01 a       767     1     4     2    23
-1.0883661543389736E-01 a       768     1     4     2    24
-2.9932214361858439E-01 a       769     1     5     2     1
-2.8275020796260333E-02 a       770     1     5     2     2
-3.9191001666721986E-01 a       771     1     5     2     3
-1.6271602321645809E-01 a       772     1     5     2     4
-2.2859910072687098E-01 a       773     1     5     2     5
5.8852056918780329E-02 a       774     1     5     2     6
2.5988001649557130E-02 a       775     1     5     2     7
-6.0556714006881354E-02 a       776     1     5     2     8
9.1127732831030900E-02 a       777     1     5     2     9
1.2034206426983235E-01 a       778     1     5     2    10
-1.7523208886528277E-01 a       779     1     5     2    11
-1.2133870072818180E-01 a       780     1     5     2    12
-1.6936889170343911E-01 a       781     1     5     2    13
-2.1736230527857092E-01 a       782     1     5     2    14
1.1976920636649546E-01 a       783     1     5     2    15
2.2226226195794524E-01 a       784     1     5     2    16
1.4586118632504369E-01 a       785     1     5     2    17
-1.8402799293188174E-01 a       786     1     5     2    18
5.7773143482621178E-02 a       787     1     5     2    19
7.1831281620206369E-02 a       788     1     5     2    20
7.6072836418215245E-02 a       789     1     5     2    21
7.6312041637785891E-02 a       790     1     5     2    22
2.8876626023632157E-01 a       791     1     5     2    23
-4.7214291815086830E-02 a       792     1     5     2    24
-1.5379499137600705E-01 a       793     1     6     2     1
-3.5850114529566081E-02 a       794     1     6     2     2
5.2110977539592318E-02 a       795     1     6     2     3
3.3701323186548476E-01 a       796     1     6     2     4
2.8089480004266626E-01 a       797     1     6     2     5
2.8621496116812822E-01 a       798     1     6     2     6
-3.1716904986371391E-02 a       799     1     6     2     7
9.6577149110897209E-02 a       800     1     6     2     8
1.2144353290806739E-01 a       801     1     6     2     9
1.0294007142390894E-01 a       802     1     6     2    10
1.9500597767314617E-01 a       803     1     6     2    11
-2.1498781707070291E-01 a       804     1     6     2    12
-1.9530839719747620E-01 a       805     1     6     2    13
2.4044534140394630E-01 a       806     1     6     2    14
-1.9429885763715044E-01 a       807     1     6     2    15
1.6071275477813545E-02 a       808     1     6     2    16
-6.7882288577475183E-03 a       809     1     6     2    17
1.6869311907422530E-01 a       810     1     6     2    18
-3.2440530357155811E-01 a       811     1     6     2    19
2.1103358218085724E-01 a       812     1     6     2    20
2.1783779358390834E-01 a       813     1     6     2    21
-6.0216431365905883E-02 a       814     1     6     2    22
2.0105997273757900E-01 a       815     1     6     2    23
-2.1766229370061366E-01 a       816     1     6     2    24
2.5690544318973030E-01 a       817     1     7     2     1
-4.5685195315186639E-02 a       818     1     7     2     2
-3.6908531322811057E-02 a       819     1     7     2     3
2.9541863931132992E-02 a       820     1     7     2     4
-1.4730663929560336E-01 a       821     1     7     2     5
1.9358292331783136E-01 a       822     1     7     2     6
-2.7632030237010907E-01 a       823     1     7     2     7
-6.3330878849785138E-02 a       824     1     7     2     8
-1.3437911001165800E-01 a       825     1     7     2     9
1.9502149575703989E-01 a       826     1     7     2    10
-1.0172118737152469E-01 a       827     1     7     2    11
-7.0910270554352853E-02 a       828     1     7     2    12
-2.0753112142910166E-01 a       829     1     7     2    13
6.5353012012612635E-02 a       830     1     7     2    14
7.9140018809490786E-02 a       831     1     7     2    15
2.2921047568635919E-01 a       832     1     7     2    16
1.2268794636799288E-01 a       833     1     7     2    17
-1.6052103579921584E-01 a       834     1     7     2    18
2.7507179188423329E-02 a       835     1     7     2    19
8.7106799036046886E-02 a       836     1     7     2    20
4.9865655481483119E-02 a       837     1     7     2    21
-2.5369134209845634E-01 a       838     1     7     2    22
6.6545921036860439E-02 a       839     1     7     2    23
1.3153599096883205E-02 a       840     1     7     2    24
1.7351557465301562E-01 a       841     1     8     2     1
1.1907869911789169E-01 a       842     1     8     2     2
-4.7656987703008746E-02 a       843     1     8     2     3
5.2729263654001879E-02 a       844     1     8     2     4
-1.0206769195556954E-01 a       845     1     8     2     5
8.7523717091628803E-02 a       846     1     8     2     6
-2.2013616906435701E-01 a       847     1     8     2     7
-2.6785355734344113E-01 a       848     1     8     2     8
-2.3538880459927794E-01 a       849     1     8     2     9
9.4414306639321224E-02 a       850     1     8     2    10
-1.9748135655263982E-01 a       851     1     8     2    11
1.2152551284831654E-01 a       852     1     8     2    12
1.7901068574083209E-01 a       853     1     8     2    13
2.2790154811032645E-01 a       854     1     8     2    14
-2.8098970836825088E-01 a       855     1     8     2    15
-9.2180636925024047E-03 a       856     1     8     2    16
1.7420334842902654E-01 a       857     1     8     2    17
1.6587143194536338E-01 a       858     1     8     2    18
3.5636178884609127E-02 a       859     1     8     2    19
-6.3784249271711347E-03 a       860     1     8     2    20
-3.2607403158734072E-01 a       861     1     8     2    21
-9.7770685254843712E-02 a       862     1     8     2    22
-4.0558563449653473E-02 a       863     1     8     2    23
-2.9068909198683313E-01 a       864     1     8     2    24
-1.3830579183814759E-01 a       865     1     9     2     1
1.3311535231571722E-01 a       866     1     9     2     2
-2.7807452352585754E-01 a       867     1     9     2     3
2.0577115582200042E-01 a       868     1     9     2     4
-2.4423131726512743E-02 a       869     1     9     2     5
8.0152861790508470E-03 a       870     1     9     2     6
3.3303588596824302E-01 a       871     1     9     2     7
1.4579784543449262E-01 a       872     1     9     2     8
-8.2271173243620932E-02 a       873     1     9     2     9
1.3074042132594260E-01 a       874     1     9     2    10
1.8566460262995954E-01 a       875     1     9     2    11
-1.0181695939003596E-01 a       876     1     9     2    12
4.7528796009616825E-01 a       877     1     9     2    13
-5.1611889276725255E-02 a       878     1     9     2    14
-1.3937737512600001E-01 a       879     1     9     2    15
7.0182589473645030E-02 a       880     1     9     2    16
1.5156107838929317E-01 a       881     1     9     2    17
6.7560023732863780E-02 a       882     1     9     2    18
-4.6991531739348578E-02 a       883     1     9     2    19
-6.4880144191887068E-01 a       884     1     9     2    20
5.2679533418871638E-01 a       885     1     9     2    21
-1.5139734870553576E-01 a       886     1     9     2    22
3.5263161642373969E-01 a       887     1     9     2    23
-7.5229083991935952E-02 a       888     1     9     2    24
1.4793805141175988E-02 a       889     1    10     2     1
-2.3313887897490607E-01 a       890     1    10     2     2
2.6351211752907364E-02 a       891     1    10     2     3
-9.8922530786290153E-02 a       892     1    10     2     4
1.5449699685838386E-01 a       893     1    10     2     5
-1.0621135825284020E-01 a       894     1    10     2     6
2.6990235297934945E-01 a       895     1    10     2     7
9.7560668181713800E-02 a       896     1    10     2     8
6.8908587214332531E-02 a       897     1    10     2     9
-6.5079555748849646E-02 a       898     1    10     2    10
-2.0285412672172647E-02 a       899     1    10     2    11
-1.0364752358028619E-01 a       900     1    10     2    12
-2.5680397976089347E-01 a       901     1    10     2    13
5.2435742832391491E-03 a       902     1    10     2    14
-2.4512931451408513E-02 a       903     1    10     2    15
1.1160100555288444E-01 a       904     1    10     2    16
-3.1030576694892992E-01 a       905     1    10     2    17
5.6088092944385659E-02 a       906     1    10     2    18
-2.8567070993512389E-01 a       907     1    10     2    19
2.2354806349872955E-01 a       908     1    10     2    20
-1.7760436612546091E-01 a       909     1    10     2    21
-1.3335719700240037E-01 a       910     1    10     2    22
2.8254445860253585E-01 a       911     1    10     2    23
9.7893237570414043E-02 a       912     1    10     2    24
-1.7558155264963643E-01 a       913     1    11     2     1
-4.3066928254286187E-02 a       914     1    11     2     2
3.2873078507559628E-01 a       915     1    11     2     3
-7.6460440542091765E-02 a       916     1    11     2     4
-2.4841936718003288E-01 a       917     1    11     2     5
4.1879170427017559E-01 a       918     1    11     2     6
1.4722308976533721E-01 a       919     1    11     2     7
-1.7230991463270529E-01 a       920     1    11     2     8
8.2809310162928113E-02 a       921     1    11     2     9
1.0100883530118081E-01 a       922     1    11     2    10
-8.6749396907377527E-02 a       923     1    11     2    11
-1.9040839067207987E-01 a       924     1    11     2    12
1.8128185519700643E-01 a       925     1    11     2    13
-4.9037106928971737E-02 a       926     1    11     2    14
-1.0719564795918639E-01 a       927     1    11     2    15
-1.1608701343596699E-01 a       928     1    11     2    16
6.5191423944951921E-02 a       929     1    11     2    17
5.3523053272860599E-01 a       930     1    11     2    18
-3.7871450626881575E-01 a       931     1    11     2    19
3.2881128258265363E-01 a       932     1    11     2    20
1.1721495254352152E-01 a       933     1    11     2    21
2.6818277703651416E-01 a       934     1    11     2    22
-3.4483196257048931E-01 a       935     1    11     2    23
2.7696709065460806E-01 a       936     1    11     2    24
-1.9227392223058559E-01 a       937     1    12     2     1
-2.8928524160609637E-01 a       938     1    12     2     2
2.1092690193665231E-01 a       939     1    12     2     3
-2.7443056065587385E-01 a       940     1    12     2     4
-1.0267264078225637E-01 a       941     1    12     2     5
-1.4886537844794814E-01 a       942     1    12     2     6
6.0044667693341804E-02 a       943     1    12     2     7
-1.4668740121757048E-01 a       944     1    12     2     8
-4.2123956491539616E-01 a       945     1    12     2     9
1.8002187885969489E-01 a       946     1    12     2    10
8.1040290420199917E-02 a       947     1    12     2    11
8.4628928925795141E-02 a       948     1    12     2    12
3.7964392035635353E-01 a       949     1    12     2    13
-3.5084035818181214E-01 a       950     1    12     2    14
-1.6467286202757844E-01 a       951     1    12     2    15
-3.3495196441652075E-01 a       952     1    12     2    16
2.0948526365125936E-01 a       953     1    12     2    17
-7.8160973303793430E-02 a       954     1    12     2    18
-4.1430788529626483E-01 a       955     1    12     2    19
2.9545642791777904E-01 a       956     1    12     2    20
2.6006584028017860E-01 a       957     1    12     2    21
1.8509891438361334E-01 a       958     1    12     2    22
7.3545123784400493E-02 a       959     1    12     2    23
5.6748479667132555E-02 a       960     1    12     2    24
5.1684589139561980E-03 a       961     1    13     2     1
4.3717733020559640E-01 a       962     1    13     2     2
-9.0919634642223940E-02 a       963     1    13     2     3
4.1661105635704393E-01 a       964     1    13     2     4
-1.0664380462931515E-01 a       965     1    13     2     5
-2.2487165093366893E-01 a       966     1    13     2     6
-2.2223722548658523E-01 a       967     1    13     2     7
1.7497098680726084E-01 a       968     1    13     2     8
1.3347926880682329E-01 a       969     1    13     2     9
-2.7766870473741251E-01 a       970     1    13     2    10
-9.8613425818537437E-02 a       971     1    13     2    11
-2.2905321026084810E-01 a       972     1    13     2    12
8.1236015737149739E-02 a       973     1    13     2    13
1.2825151515391295E-01 a       974     1    13     2    14
1.8330476517785194E-01 a       975     1    13     2    15
3.6884505737513756E-01 a       976     1    13     2    16
-1.7806571883596783E-01 a       977     1    13     2    17
-8.4329587198467032E-02 a       978     1    13     2    18
-1.3720291514294317E-01 a       979     1    13     2    19
-1.4739179358514759E-01 a       980     1    13     2    20
6.9549654018597862E-02 a       981     1    13     2    21
-4.0876319642787173E-01 a       982     1    13     2    22
-1.3442803059347241E-01 a       983     1    13     2    23
-2.1438854503209981E-02 a       984     1    13     2    24
-4.0724649284584816E-03 a       985     1    14     2     1
8.5362425464238639E-02 a       986     1    14     2     2
8.2569774323080922E-02 a       987     1    14     2     3
-2.3063021681137744E-01 a       988     1    14     2     4
1.1840031639148454E-01 a       989     1    14     2     5
-2.7906981419721971E-01 a       990     1    14     2     6
-1.1819765031346101E-01 a       991     1    14     2     7
3.1682712595003090E-02 a       992     1    14     2     8
-8.8436872581659484E-02 a       993     1    14     2     9
3.5421314854293458E-02 a       994     1    14     2    10
1.6709217702833329E-01 a       995     1    14     2    11
-2.5144950840047037E-01 a       996     1    14     2    12
-2.4094736010086132E-01 a       997     1    14     2    13
-4.6803755191177815E-01 a       998     1    14     2    14
8.1032526984350775E-02 a       999     1    14     2    15
5.5287700810449057E-02 a      1000     1    14     2    16
1.8636515214287014E-01 a      1001     1    14     2    17
-1.9272041065204568E-01 a      1002     1    14     2    18
4.1701313365098247E-01 a      1003     1    14     2    19
2.0492128549232422E-01 a      1004     1    14     2    20
-1.6023002907181763E-01 a      1005     1    14     2    21
1.1121637170711120E-01 a      1006     1    14     2    22
-2.8440121402585944E-01 a      1007     1    14     2    23
-5.3153245825732651E-02 a      1008     1    14     2    24
6.1895449695962813E-02 a      1009     1    15     2     1
-1.9222856139818076E-01 a      1010     1    15     2     2
-2.5181231180963715E-01 a      1011     1    15     2     3
-3.1117861981212463E-01 a      1012     1    15     2     4
-1.7976247063578199E-01 a      1013     1    15     2     5
3.1157065292021724E-01 a      1014     1    15     2     6
-4.4401510185864163E-01 a      1015     1    15     2     7
-2.1032508456338095E-01 a      1016     1    15     2     8
1.0789840878227785E-01 a      1017     1    15     2     9
1.1657495274518834E-01 a      1018     1    15     2    10
2.3268681306499270E-01 a      1019     1    15     2    11
7.9103303229088290E-02 a      1020     1    15     2    12
-7.3298516204519867E-02 a      1021     1    15     2    13
2.2130446310844124E-01 a      1022     1    15     2    14
1.0330678609140008E-01 a      1023     1    15     2    15
-3.5539794048289691E-01 a      1024     1    15     2    16
4.4503370883919025E-01 a      1025     1    15     2    17
1.2386895977113080E-01 a      1026     1    15     2    18
1.2948307693061917E-01 a      1027     1    15     2    19
1.4221743462874106E-01 a      1028     1    15     2    20
1.6596195691847029E-01 a      1029     1    15     2    21
2.7121622309288707E-01 a      1030     1    15     2    22
1.8134672335997271E-01 a      1031     1    15     2    23
2.7765362861624332E-01 a      1032     1    15     2    24
-2.1173224163702550E-01 a      1033     1    16     2     1
-9.1434300615776606E-02 a      1034     1    16     2     2
-2.1508415223900415E-01 a      1035     1    16     2     3
-6.2458309757935211E-02 a      1036     1    16     2     4
1.0169426665344375E-01 a      1037     1    16     2     5
-9.6688276370180098E-02 a      1038     1    16     2     6
-2.3970180212933304E-01 a      1039     1    16     2     7
-2.3300753438960997E-01 a      1040     1    16     2     8
-6.6847665253311067E-02 a      1041     1    16     2     9
-3.5346195804393665E-01 a      1042     1    16     2    10
8.5216467700223106E-02 a      1043     1    16     2    11
-1.6151355403671808E-01 a      1044     1    16     2    12
3.3045922198034217E-01 a      1045     1    16     2    13
-1.8646357012495865E-01 a      1046     1    16     2    14
1.0139099016973717E-01 a      1047     1    16     2    15
-5.0011547970285369E-02 a      1048     1    16     2    16
2.0021876806782923E-01 a      1049     1    16     2    17
1.3815199247897145E-01 a      1050     1    16     2    18
-3.7477995174066475E-01 a      1051     1    16     2    19
-4.3880689393876571E-01 a      1052     1    16     2    20
-2.0893110178176713E-01 a      1053     1    16     2    21
1.4246928519423738E-01 a      1054     1    16     2    22
-2.8217909780253680E-01 a      1055     1    16     2    23
1.0746169920925358E-01 a      1056     1    16     2    24
5.8321158148382048E-02 a      1057     1    17     2     1
-2.4961730664641757E-01 a      1058     1    17     2     2
7.8212321034894783E-02 a      1059     1    17     2     3
-2.2715495923416495E-01 a      1060     1    17     2     4
-6.2209016518381892E-02 a      1061     1    17     2     5
2.2619869582158633E-01 a      1062     1    17     2     6
2.2083403730382342E-01 a      1063     1    17     2     7
7.0572250689970098E-02 a      1064     1    17     2     8
-1.7318092231715490E-01 a      1065     1    17     2     9
-1.2147145454612922E-02 a      1066     1    17     2    10
3.7264050369729246E-01 a      1067     1    17     2    11
-2.2142755044484932E-01 a      1068     1    17     2    12
-1.5951801799538382E-01 a      1069     1    17     2    13
-3.6498836435701315E-02 a      1070     1    17     2    14
-2.0197271095847430E-01 a      1071     1    17     2    15
3.0399784602563627E-02 a      1072     1    17     2    16
-1.3560975273049422E-01 a      1073     1    17     2    17
-1.2683249375617324E-02 a      1074     1    17     2    18
5.9207688899629740E-02 a      1075     1    17     2    19
-2.9059404417222715E-02 a      1076     1    17     2    20
2.4399266531141142E-01 a      1077     1    17     2    21
-1.6636951318517040E-01 a      1078     1    17     2    22
7.2233377762134912E-02 a      1079     1    17     2    23
5.1637485643659838E-02 a      1080     1    17     2    24
2.7234093098810164E-01 a      1081     1    18     2     1
-4.2039013869357800E-01 a      1082     1    18     2     2
1.9207450573759874E-01 a      1083     1    18     2     3
3.4319611436144627E-02 a      1084     1    18     2     4
1.2724576818349673E-01 a      1085     1    18     2     5
-3.0648429448445302E-01 a      1086     1    18     2     6
-2.7997497536464966E-01 a      1087     1    18     2     7
2.2429400028189647E-01 a      1088     1    18     2     8
-1.9876704229238443E-02 a      1089     1    18     2     9
-6.3703059435701134E-02 a      1090     1    18     2    10
1.0843821455872531E-01 a      1091     1    18     2    11
-2.1595124503832630E-01 a      1092     1    18     2    12
1.3961708002313930E-01 a      1093     1    18     2    13
3.9126637043162232E-01 a      1094     1    18     2    14
3.1697044912981015E-01 a      1095     1    18     2    15
-2.6310222922516879E-01 a      1096     1    18     2    16
-1.8230471651034999E-01 a      1097     1    18     2    17
2.4893603942633338E-01 a      1098     1    18     2    18
2.5225884184147901E-01 a      1099     1    18     2    19
-5.0663371094364340E-01 a      1100     1    18     2    20
-1.1632910382221008E-01 a      1101     1    18     2    21
2.4347462065391332E-02 a      1102     1    18     2    22
-2.2663130993927710E-01 a      1103     1    18     2    23
3.0181653027825922E-01 a      1104     1    18     2    24
-5.8140939960626470E-02 a      1105     1    19     2     1
1.7750742190483496E-01 a      1106     1    19     2     2
-2.2603673284541900E-01 a      1107     1    19     2     3
-2.0622346300949368E-01 a      1108     1    19     2     4
9.5720756607365037E-02 a      1109     1    19     2     5
-2.7468808824854740E-01 a      1110     1    19     2     6
3.5015401237149434E-02 a      1111     1    19     2     7
-1.0886759995748382E-02 a      1112     1    19     2     8
-2.7779246612644426E-01 a      1113     1    19     2     9
-3.8132291620721859E-01 a      1114     1    19     2    10
3.3257480049813187E-01 a      1115     1    19     2    11
-1.8657324136802850E-01 a      1116     1    19     2    12
1.4912851417407214E-01 a      1117     1    19     2    13
-2.6839461200594539E-01 a      1118     1    19     2    14
-1.1764881411986261E-01 a      1119     1    19     2    15
3.5912730451686310E-02 a      1120     1    19     2    16
-1.2053834504016482E-01 a      1121     1    19     2    17
-8.6974908968575224E-02 a      1122     1    19     2    18
-3.4485303443625664E-01 a      1123     1    19     2    19
3.6924364805364873E-02 a      1124     1    19     2    20
-2.1080723398795800E-01 a      1125     1    19     2    21
-3.8500795038784147E-01 a      1126     1    19     2    22
4.5830941060897118E-01 a      1127     1    19     2    23
-9.6534299630440367E-03 a      1128     1    19     2    24
3.0971217580755155E-02 a      1129     1    20     2     1
1.3997528389784805E-01 a      1130     1    20     2     2
2.4609854550657378E-01 a      1131     1    20     2     3
1.1145609534785858E-01 a      1132     1    20     2     4
2.4294287539714680E-02 a      1133     1    20     2     5
4.4488192999952526E-02 a      1134     1    20     2     6
-3.3189084168134164E-01 a      1135     1    20     2     7
-2.2901521755390999E-01 a      1136     1    20     2     8
2.1493524608787751E-01 a      1137     1    20     2     9
1.0654639316868440E-01 a      1138     1    20     2    10
-5.5147780333683782E-02 a      1139     1    20     2    11
-7.4249471182125035E-02 a      1140     1    20     2    12
-8.8920434643789403E-02 a      1141     1    20     2    13
-8.0540101885775608E-02 a      1142     1    20     2    14
4.3236734927364184E-02 a      1143     1    20     2    15
2.7642370399445165E-01 a      1144     1    20     2    16
2.0354441768628873E-01 a      1145     1    20     2    17
2.9529080911908590E-01 a      1146     1    20     2    18
-8.6324362970259846E-02 a      1147     1    20     2    19
2.0027717925753749E-01 a      1148     1    20     2    20
-2.3498934562655729E-01 a      1149     1    20     2    21
-1.2675105847989679E-01 a      1150     1    20     2    22
-2.5437008030261377E-02 a      1151     1    20     2    23
-2.6644454022594266E-01 a      1152     1    20     2    24
7.5054756353100990E-03 a      1153     1    21     2     1
1.5142074624654531E-01 a      1154     1    21     2     2
4.8026413792613173E-02 a      1155     1    21     2     3
6.5977026081112000E-01 a      1156     1    21     2     4
1.8134870209270088E-01 a      1157     1    21     2     5
8.6954511185433347E-02 a      1158     1    21     2     6
1.2364328214224936E-01 a      1159     1    21     2     7
-1.2436523505970200E-01 a      1160     1    21     2     8
7.4012522609764458E-02 a      1161     1    21     2     9
-1.0556021144481419E-01 a      1162     1    21     2    10
-5.1614242128106491E-01 a      1163     1    21     2    11
1.7012598813033211E-01 a      1164     1    21     2    12
-2.7698500278392524E-01 a      1165     1    21     2    13
-2.0714213060532383E-01 a      1166     1    21     2    14
1.5550297538164662E-01 a      1167     1    21     2    15
2.2737626718151868E-01 a      1168     1    21     2    16
-1.0447374027736971E-01 a      1169     1    21     2    17
-1.3321514859867364E-01 a      1170     1    21     2    18
2.8209627214044847E-01 a      1171     1    21     2    19
1.8749112773889356E-01 a      1172     1    21     2    20
1.4214216700635937E-01 a      1173     1    21     2    21
-4.2792834963660176E-01 a      1174     1    21     2    22
4.5604640417964859E-02 a      1175     1    21     2    23
2.1532069898282311E-01 a      1176     1    21     2    24
-1.6803200727788359E-01 a      1177     1    22     2     1
2.6035090303503389E-01 a      1178     1    22     2     2
-5.4443736025996538E-02 a      1179     1    22     2     3
-6.6557971156042270E-02 a      1180     1    22     2     4
-1.1732022072092227E-01 a      1181     1    22     2     5
-2.3536462182492968E-01 a      1182     1    22     2     6
-8.5431902433601270E-02 a      1183     1    22     2     7
3.9903915316000299E-01 a      1184     1    22     2     8
2.9394562065128232E-01 a      1185     1    22     2     9
-1.7804757274568414E-01 a      1186     1    22     2    10
1.3786214314123593E-01 a      1187     1    22     2    11
7.7563045026523572E-02 a      1188     1    22     2    12
-1.4273483901192974E-01 a      1189     1    22     2    13
-8.7593379647235015E-02 a      1190     1    22     2    14
-2.2945231297590535E-01 a      1191     1    22     2    15
8.0757962248809184E-02 a      1192     1    22     2    16
1.1800040519791924E-01 a      1193     1    22     2    17
-3.3266599461793167E-01 a      1194     1    22     2    18
4.6920613271493002E-02 a      1195     1    22     2    19
1.4741672431870367E-01 a      1196     1    22     2    20
-1.4089221641177974E-03 a      1197     1    22     2    21
2.6375074371655111E-01 a      1198     1    22     2    22
-1.0609683624694593E-02 a      1199     1    22     2    23
2.0071766451872658E-01 a      1200     1    22     2    24
-3.2363911042069038E-01 a      1201     1    23     2     1
-3.9661566332880649E-01 a      1202     1    23     2     2
1.0620926262552315E-01 a      1203     1    23     2     3
3.2670839623417103E-01 a      1204     1    23     2     4
-2.6028385488862060E-01 a      1205     1    23     2     5
-1.3472889648569425E-01 a      1206     1    23     2     6
-1.6386038516113197E-01 a      1207     1    23     2     7
-1.7227226574040885E-01 a      1208     1    23     2     8
5.0190092541812024E-02 a      1209     1    23     2     9
2.5493373079887244E-01 a      1210     1    23     2    10
-3.8384929236475068E-01 a      1211     1    23     2    11
-2.7936427024960114E-01 a      1212     1    23     2    12
2.7800407792585130E-01 a      1213     1    23     2    13
6.9946011824987109E-02 a      1214     1    23     2    14
1.4204315502870570E-02 a      1215     1    23     2    15
-5.9046909610449214E-03 a      1216     1    23     2    16
-9.8121172786467259E-02 a      1217     1    23     2    17
3.5910157846897817E-01 a      1218     1    23     2    18
3.1590799798142555E-02 a      1219     1    23     2    19
-9.3982770063455231E-03 a      1220     1    23     2    20
3.0047684777867745E-01 a      1221     1    23     2    21
2.9245221846008790E-01 a      1222     1    23     2    22
4.7277892184088788E-02 a      1223     1    23     2    23
3.1557708588009915E-02 a      1224     1    23     2    24
2.8719788621582970E-01 a      1225     1    24     2     1
-5.2186777225293968E-01 a      1226     1    24     2     2
2.5710168041689790E-01 a      1227     1    24     2     3
2.6005159851215093E-01 a      1228     1    24     2     4
4.4424397157454658E-02 a      1229     1    24     2     5
7.8868437388982388E-02 a      1230     1    24     2     6
-7.4181798839670562E-02 a      1231     1    24     2     7
-3.9043006867467522E-01 a      1232     1    24     2     8
-3.9717482310944885E-01 a      1233     1    24     2     9
3.8507517612278147E-01 a      1234     1    24     2    10
5.1014178717989009E-02 a      1235     1    24     2    11
-3.7427619615047875E-01 a      1236     1    24     2    12
-2.6598867868046083E-01 a      1237     1    24     2    13
-2.9707357085637418E-02 a      1238     1    24     2    14
-8.3132388923098294E-02 a      1239     1    24     2    15
1.3493987287672130E-01 a      1240     1    24     2    16
3.1141831656654281E-02 a      1241     1    24     2    17
4.0576760715318216E-01 a      1242     1    24     2    18
-7.1690406549879168E-02 a      1243     1    24     2    19
2.5457549581206701E-01 a      1244     1    24     2    20
2.4776487748652196E-01 a      1245     1    24     2    21
5.1938401573710290E-02 a      1246     1    24     2    22
-3.1738083270504697E-01 a      1247     1    24     2    23
-9.3123019439113330E-03 a      1248     1    24     2    24
-1.0965539243941635E-01 b      1249     2     1
8.9729472945744765E-02 b      1250     2     2
-5.5300356958503286E-02 b      1251     2     3
1.3363337479094300E-01 b      1252     2     4
-2.3393368664029845E-01 b      1253     2     5
-3.7298513563150136E-02 b      1254     2     6
1.0421175095837391E-01 b      1255     2     7
-8.1991225403119983E-02 b      1256     2     8
-1.3014756404730907E-01 b      1257     2     9
2.5002273430307111E-02 b      1258     2    10
-1.3942760217012928E-01 b      1259     2    11
-2.3560155528592250E-01 b      1260     2    12
-5.2528193794226817E-02 b      1261     2    13
-2.8881778357823962E-01 b      1262     2    14
8.7918019952611767E-02 b      1263     2    15
1.4131446470747946E-01 b      1264     2    16
1.2519909372976004E-01 b      1265     2    17
4.7947552601147969E-02 b      1266     2    18
3.1288634145981814E-01 b      1267     2    19
2.4915446809417346E-01 b      1268     2    20
-5.2304363338237771E-02 b      1269     2    21
-2.3001002452605543E-01 b      1270     2    22
8.6158787579150062E-02 b      1271     2    23
-4.9594920092950509E-02 b      1272     2    24
-5.7781145423869340E-01 a      1273     2     1     3     1
7.5159989467959143E-01 a      1274     2     2     3     1
-7.4617243159203261E-01 a      1275     2     3     3     1
1.9763592714299391E-01 a      1276     2     4     3     1
-6.3060666023984446E-01 a      1277     2     5     3     1
1.6836174531020015E-01 a      1278     2     6     3     1
3.2197086879764608E-01 a      1279     2     7     3     1
-6.2661671817337672E-01 a      1280     2     8     3     1
-2.8927870401808234E-02 a      1281     2     9     3     1
6.2637014015661985E-01 a      1282     2    10     3     1
-1.4798318556424536E-01 a      1283     2    11     3     1
3.0142577487499383E-01 a      1284     2    12     3     1
-7.7465185998993902E-01 a      1285     2    13     3     1
-4.2792933872219813E-01 a      1286     2    14     3     1
-2.4737267215509537E-01 a      1287     2    15     3     1
-1.4602780779406691E-01 a      1288     2    16     3     1
-5.7797905555033702E-01 a      1289     2    17     3     1
7.4723256946408367E-01 a      1290     2    18     3     1
-3.8538328551559320E-01 a      1291     2    19     3     1
-6.8356909307899016E-01 a      1292     2    20     3     1
-1.8958521576453333E-01 a      1293     2    21     3     1
3.9655523109145269E-01 a      1294     2    22     3     1
1.8639670714291748E-02 a      1295     2    23     3     1
-2.6165610461702116E-02 a      1296     2    24     3     1
3.0374275130381001E-01 b      1297     3     1